666.8518361928695	8.149703489834792e-8
667.7105174138236	8.543423746232293e-8
668.5714128720673	8.641610804716038e-8
669.4345311432681	8.954056340826355e-8
670.2998808474348	9.005067624912044e-8
671.1674706492048	9.28899055452348e-8
672.0373092581333	9.300479320017985e-8
672.9094054289849	9.762572972249473e-8
673.7837679620268	9.823509827810994e-8
674.6604057033252	9.914177923064926e-8
675.5393275450441	1.0038963438319115e-7
676.4205424257448	1.0028387009697326e-7
677.3040593306896	1.0298577990397462e-7
678.1898872921475	1.0411667972221039e-7
679.0780353897014	1.0458499843934987e-7
679.9685127505588	1.0354905555232108e-7
680.8613285498636	1.0427168462001646e-7
681.7564920110126	1.0622163415519026e-7
682.6540124059719	1.0647170256561367e-7
683.5538990555975	1.0575824660463695e-7
684.4561613299583	1.0662458294063981e-7
685.3608086486603	1.0702642327942158e-7
686.267850481176	1.058632648209823e-7
687.1772963471727	1.0713999643030547e-7
688.0891558168479	1.0717285192640702e-7
689.0034385112631	1.0353895163461857e-7
689.9201541026831	1.096956765422874e-7
690.839312314917	1.0292467322869925e-7
691.7609229236617	1.025517377684082e-7
692.6849957568486	9.957035729257768e-8
693.6115406949932	1.0232247404928785e-7
694.5405676715469	9.853533811110537e-8
695.4720866732523	9.650105425862421e-8
696.406107740501	9.297580305656084e-8
697.3426409676938	9.267792222544813e-8
698.2816965036051	9.04614836372275e-8
699.2232845517491	9.035125714262904e-8
700.1674153707498	8.631787551394154e-8
701.1140992747124	8.843971954775043e-8
702.0633466336006	8.281349295202745e-8
703.0151678736137	8.093245185136766e-8
703.9695734775693	7.864826301329231e-8
704.9265739852876	7.535026469440709e-8
705.8861799939798	7.379517086292253e-8
706.8484021586391	7.235650656411963e-8
707.8132511924348	7.122882550447684e-8
708.7807378671101	7.05452549709662e-8
709.7508730133833	6.717601763739367e-8
710.7236675213513	6.569877086803899e-8
711.6991323408974	6.281872799718258e-8
712.6772784821027	6.160222199014243e-8
713.6581170156593	6.066792224146411e-8
714.6416590732885	6.129373275598482e-8
715.6279158481619	5.8783271583706664e-8
716.6168985953265	5.6527628800040475e-8
717.6086186321315	5.668614022624752e-8
718.6030873386618	5.465944497018427e-8
719.6003161581715	5.4725447284909023e-8
720.6003165975242	5.1373007181609864e-8
721.603100227635	5.1396405353898444e-8
722.6086786839167	5.1216527907627096e-8
723.6170636667298	4.934945962986603e-8
724.6282669418371	4.745697168573315e-8
725.6423003408602	4.899445826822557e-8
726.6591757617416	4.733485781116542e-8
727.6789051692097	4.6120558039319803e-8
728.7015005952486	4.7713747619582136e-8
729.7269741395708	4.2140683831348724e-8
730.7553379700944	4.4774402851999184e-8
731.7866043234252	4.4446878177950566e-8
732.8207855053408	4.1172430798042114e-8
733.857893891281	4.107310758172389e-8
734.8979419268413	4.4191182269059937e-8
735.9409421282703	4.147354815131621e-8
736.9869070829724	4.5730779163477564e-8
738.0358494500134	4.1864606004082816e-8
739.087781960632	4.343122839145508e-8
740.1427174187547	4.639030493081009e-8
741.2006687015147	4.254735230801998e-8
742.2616487597762	4.465242753326493e-8
743.3256706186636	4.8186905132752145e-8
744.3927473780933	4.821709254088091e-8
745.462892213312	4.636071082586568e-8
746.536118375439	4.4506208496386535e-8
747.6124391920126	4.534998510052901e-8
748.6918680675427	5.084133292143633e-8
749.7744184840661	5.210364406593726e-8
750.8601040017088	5.100302047367222e-8
751.9489382592519	5.361287591654218e-8
753.0409349747027	5.419072834911276e-8
754.1361079458702	5.734646180144409e-8
755.2344710509471	5.469827613069356e-8
756.3360382490964	5.7690858312753335e-8
757.4408235810408	5.6937576431437265e-8
758.5488411696614	5.4746799094118614e-8
759.6601052205986	5.8315272610798274e-8
760.7746300228591	5.927390489546269e-8
761.8924299494281	5.76284051589937e-8
763.0135194578882	5.2197989930391486e-8
764.1379130910416	6.523084294940418e-8
765.2656254775399	5.9114224626455325e-8
766.3966713325171	6.512055961138685e-8
767.5310654582313	6.653235828935067e-8
768.6688227447097	5.209245301784904e-8
769.8099581703997	5.67352458347159e-8
770.9544868028268	6.155501353077852e-8
772.1024237992574	6.203103453117365e-8
773.2537844073687	6.128576046648959e-8
774.4085839659222	6.225404547421931e-8
775.5668379054465	8.80079085163743e-8
776.7285617489239	6.970059729383138e-8
777.8937711124837	6.9684773507106e-8
779.0624817061024	8.441703869266348e-8
780.2347093343091	1.0114469262134662e-7
781.4104698968985	8.867036171977816e-8
782.5897793896498	8.042484012094064e-8
783.7726539050514	5.123081692204323e-8
784.9591096330337	1.152164230688868e-7
786.1491628617073	6.821821330049715e-8
787.3428299781085	9.10647059981784e-8
788.5401274689511	1.1872641181298604e-7
789.7410719213864	1.462009890929039e-7
790.9456800237683	1.0593682020498818e-7
792.1539685664261	1.1929071774829936e-7
793.3659544424457	1.1610690364705079e-7
794.5816546484564	1.2958945205809869e-7
795.8010862854247	1.7636335769566358e-7
797.0242665594571	1.873426214160645e-7
798.2512127826091	1.774790518993541e-7
799.4819423737017	2.088976458480829e-7
800.7164728591462	2.1199521427206491e-7
801.9548218737752	1.9687783492372546e-7
803.1970071616838	2.8607348667719634e-7
804.4430465770761	2.964618772693939e-7
805.69295808512	3.016291998392262e-7
806.9467597628125	4.1549168372512213e-7
808.2044697998494	3.8433600479947927e-7
809.4661064995059	3.656607816537871e-7
810.7316882795241	4.5405153059618897e-7
812.0012336730091	4.792365189132397e-7
813.2747613293345	4.6675557996422867e-7
814.5522900150546	5.518185730579717e-7
815.8338386148267	6.355853088280128e-7
817.1194261323415	6.917280188645236e-7
818.4090716912626	7.842147624614881e-7
819.7027945361747	9.063068659997953e-7
821.0006140335405	8.82758456555166e-7
822.3025496726676	9.270694363294751e-7
823.608621066684	1.1297784112684894e-6
824.9188479535227	1.211865310324356e-6
826.233250196916	1.3015935564908432e-6
827.5518477873994	1.5107450508367037e-6
828.8746608433257	1.485456778027583e-6
830.2017096118872	1.8143186935049016e-6
831.5330144701486	2.100028268614551e-6
832.8685959260919	2.224810941697797e-6
834.2084746196668	2.3875441002019215e-6
835.5526713238559	2.5869346700346796e-6
836.9012069457473	3.0330950266943546e-6
838.2541025276191	3.3777905628085136e-6
839.611379248033	3.4689530821196968e-6
840.9730584229408	3.919173650501762e-6
842.3391615067987	4.392102709971368e-6
843.7097100936958	4.670708221965469e-6
845.08472591849	5.287452495394973e-6
846.4642308579588	5.76604998059338e-6
847.8482469319583	6.349211616907269e-6
849.236796304595	6.9952061494404916e-6
850.6299012854098	7.920843927422538e-6
852.0275843305716	8.820416951493826e-6
853.4298680440849	9.323181075160392e-6
854.8367751790076	0.00001023002369038295
856.2483286386826	0.00001153013090515742
857.6645514779791	0.000012590919141075574
859.0854669045499	0.00001406637966283597
860.5110982800969	0.000015648991393391043
861.941469121653	0.000017012371245073155
863.3766031028748	0.000018844613805413246
864.8165240553479	0.000021278381609590724
866.2612559699077	0.00002309608316863887
867.7108229979699	0.00002516017048037611
869.1652494528778	0.000027768332074629143
870.624559811261	0.000030339131626533344
872.088778714408	0.00003329689207021147
873.5579309696549	0.00003681911766761914
875.032041551784	0.00004056748730363324
876.5111356044409	0.00004430953777045943
877.9952384415634	0.0000478909641969949
879.4843755488254	0.00005246001819614321
880.9785725850961	0.00005720684566767886
882.4778553839136	0.00006295797356870025
883.9822499549739	0.00006792807835154235
885.491782485635	0.00007392169209197164
887.0064793424357	0.00007998725050128996
888.5263670726318	0.00008735567098483443
890.0514724057467	0.0000942926126299426
891.5818222551379	0.00010310336074326187
893.1174437195803	0.0001119220833061263
894.6583640848659	0.00012085279740858823
896.2046108254206	0.0001312433450948447
897.7562116059358	0.0001419655600329861
899.3131942830187	0.00015312655887100846
900.87558690686	0.00016657850937917829
902.4434177229183	0.00017880259838420898
904.0167151736207	0.00019382828031666577
905.5955079000855	0.00020925607532262802
907.1798247438576	0.00022652694315183908
908.7696947486666	0.00024364217824768275
910.3651471622003	0.00026347627863287926
911.9662114378989	0.00028514914447441697
913.5729172367677	0.0003080342139583081
915.1852944292085	0.0003372358623892069
916.8033730968698	0.00036699656629934907
918.4271835345195	0.00039955051033757627
920.0567562519335	0.00043821847066283226
921.6921219758085	0.000481362862046808
923.3333116516915	0.0005305521190166473
924.980356445933	0.0005845364648848772
926.6332877476594	0.0006446090410463512
928.2921371707666	0.00070909911300987
929.9569365559366	0.0007779478328302503
931.6277179726742	0.0008519794791936874
933.3045137213653	0.0009293592302128673
934.9873563353599	0.0010103972163051367
936.6762785830757	0.001093005994334817
938.3713134701245	0.001176732126623392
940.0724942414629	0.0012631516437977552
941.7798543835652	0.001349270693026483
943.4934276266214	0.0014342167414724827
945.2132479467576	0.001520567457191646
946.9393495682821	0.0016063747461885214
948.6717669659557	0.0016916901804506779
950.4105348672864	0.0017791131976991892
952.1556882548506	0.0018641017377376556
953.9072623686382	0.001951772952452302
955.6652927084257	0.002034674631431699
957.4298150361741	0.0021224990487098694
959.2008653784535	0.0022063017822802067
960.9784800288955	0.002292435150593519
962.7626955506723	0.00237693777307868
964.5535487790036	0.002460312796756625
966.3510768236906	0.0025458396412432194
968.1553170716812	0.00262525980360806
969.9663071896607	0.00270564341917634
971.7840851266731	0.0027854195795953274
973.6086891167722	0.002861723303794861
975.4401576817022	0.002934759948402643
977.2785296336091	0.0030055472161620855
979.1238440777817	0.0030727237462997437
980.9761404154242	0.00314087001606822
982.8354583464619	0.003197177778929472
984.7018378723765	0.0032549237366765738
986.5753192990745	0.0033043979201465845
988.4559432397897	0.003355192020535469
990.3437506180171	0.0033958088606595993
992.238782670482	0.0034363719169050455
994.1410809501418	0.003471330739557743
996.0506873292242	0.003501406405121088
997.9676440022982	0.0035287425853312016
999.8919934893836	0.003550581634044647
1001.8237786390928	0.0035708551295101643
1003.7630426318128	0.0035846540704369545
1005.709828982922	0.0035980860702693462
1007.664181546045	0.003605556208640337
1009.6261445163451	0.0036119422875344753
1011.5957624338566	0.0036151851527392864
1013.5730801868552	0.0036133355461061
1015.5581430152668	0.003605510573834181
1017.5509965141194	0.003603170393034816
1019.5516866370339	0.003591880202293396
1021.560259699755	0.0035842866636812687
1023.5767623837262	0.003567332634702325
1025.601241739707	0.003549446351826191
1027.6337451914305	0.0035275297705084085
1029.674320539309	0.0035036830231547356
1031.7230159641786	0.0034753826912492514
1033.779880031093	0.003443509340286255
1035.8449616931607	0.0034111333079636097
1037.9183102954294	0.003371473867446184
1039.9999755788137	0.003327653743326664
1042.090007684077	0.0032852147705852985
1044.1884571558535	0.0032384872902184725
1046.2953749467251	0.0031839427538216114
1048.4108124213446	0.003133214544504881
1050.53482136061	0.003073211759328842
1052.6674539658898	0.0030139610171318054
1054.8087628632982	0.0029508965089917183
1056.958801108026	0.0028864045161753893
1059.1176221887206	0.0028191045857965946
1061.2852800319235	0.002750035375356674
1063.4618290065584	0.0026782522909343243
1065.6473239284792	0.0026060198433697224
1067.8418200650704	0.0025340518914163113
1070.0453731399057	0.0024589290842413902
1072.2580393374658	0.002389573259279132
1074.4798753079124	0.0023136287927627563
1076.7109381719242	0.002242501825094223
1078.9512855255905	0.002167908940464258
1081.2009754453688	0.002093371469527483
1083.4600664931029	0.0020256368443369865
1085.728617721104	0.0019531268626451492
1088.006688677296	0.001881927251815796
1090.2943394104277	0.0018140670144930482
1092.5916304753468	0.0017457667272537947
1094.898622938344	0.0016813317779451609
1097.2153783825643	0.001618961337953806
1099.5419589134858	0.0015555848367512226
1101.8784271644713	0.001489108195528388
1104.2248463023857	0.0014296984300017357
1106.5812800332915	0.0013768111821264029
1108.9477926082131	0.001312033855356276
1111.324448828977	0.001259425189346075
1113.7113140541253	0.001202812884002924
1116.1084542049093	0.0011520080734044313
1118.5159357713567	0.0011015466880053282
1120.9338258184202	0.0010479765478521585
1123.3621919922039	0.0010053309379145503
1125.8011025262733	0.0009552713017910719
1128.2506262480454	0.0009110858081839979
1130.7108325852635	0.0008669185335747898
1133.1817915725564	0.0008250389946624637
1135.6635738580858	0.0007825217908248305
1138.156250710277	0.000746806850656867
1140.6598940246422	0.0007048849947750568
1143.1745763306933	0.0006705033592879772
1145.7003707989452	0.0006330689648166299
1148.2373512480133	0.0005961438873782754
1150.785592151804	0.000565603724680841
1153.3451686468038	0.0005345432437025011
1155.9161565394634	0.0005046042497269809
1158.4986323136804	0.00047840620391070843
1161.0926731383865	0.0004548297147266567
1163.6983568752325	0.00042808131547644734
1166.3157620863783	0.0004043013323098421
1168.9449680423895	0.00038275786209851503
1171.5860547302395	0.000359048368409276
1174.2391028614227	0.0003382641007192433
1176.9041938801734	0.00032589954207651317
1179.581409971803	0.0003030122315976769
1182.270834071146	0.0002846024581231177
1184.9725498711264	0.00026360462652519345
1187.6866418314362	0.00024741317611187696
1190.4131951873396	0.00023646494082640857
1193.1522959585948	0.00022396247368305922
1195.9040309584998	0.00020892381144221872
1198.6684878030642	0.0002039279497694224
1201.4457549203098	0.0001943035749718547
1204.2359215596978	0.00018134854326490313
1207.0390778016904	0.0001674984669080004
1209.8553145674434	0.00016171410970855504
1212.6847236286399	0.00015627646644134074
1215.5273976174556	0.00015059279394336045
1218.38343003667	0.00014211979578249156
1221.2529152699174	0.0001344192132819444
1224.1359485920846	0.0001307072670897469
1227.0326261798564	0.0001284663303522393
1229.9430451224084	0.0001152687327703461
1232.8673034322576	0.00011451165482867509
1235.8055000562624	0.00010532426676945761
1238.7577348867844	0.00010520584328332916
1241.7241087730079	0.00009440600842935964
1244.7047235324249	0.00008935047662816942
1247.6996819624842	0.00008626485941931605
1250.7090878524084	0.00008459357195533812
1253.7330459951854	0.00007986303535290062
1256.771662199731	0.00007047396502457559
1259.825043303229	0.00006871299410704523
1262.8932971836564	0.00006720474630128592
1265.9765327724838	0.00005904942736378871
1269.0748600675713	0.000059966841945424676
1272.1883901462456	0.0000565905575058423
1275.3172351785786	0.00005757598773925565
1278.4615084408533	0.00005646793943014927
1281.6213243292398	0.00005564217281062156
1284.796798373663	0.00005394824256654829
1287.9880472518896	0.000053356721764430404
1291.195188803812	0.00004569986049318686
1294.4183420459588	0.00004302235538489185
1297.6576271862145	0.00004482994700083509
1300.9131656387642	0.00003867803025059402
1304.1850800392647	0.00004193024869891815
1307.4734942602415	0.00003408097836654633
1310.778533426724	0.00003991850826423615
1314.100323932114	0.000036067220207769424
1317.4389934542999	0.0000415124450228177
1320.7946709720138	0.000036211946280673146
1324.167486781442	0.00003266943167545833
1327.5575725130898	0.000030158309527905658
1330.9650611489044	0.0000320277686114423
1334.3900870396637	0.000029841587092960253
1337.8327859226356	0.000029335271392483264
1341.2932949395079	0.00002880039028241299
1344.7717526546005	0.00002000065433094278
1348.2682990733597	0.00001960411827894859
1351.7830756611424	0.000024277011107187718
1355.316225362296	0.000019990930013591424
1358.8678926195355	0.000016148074791999534
1362.4382233936283	0.000024193326680688187
1366.0273651833907	0.000026221925509162247
1369.6354670459991	0.000015021440049167722
1373.262679617626	0.000011459740562713705
1376.909155134402	0.000016893400243134238
1380.5750474537167	0.000012889273421023972
1384.2605120758574	0.000010467227184562944
1387.9657061659968	0.00001492056435381528
1391.690788576534	8.80160223459825e-6
1395.4359198697978	0.00001195159802591661
1399.2012623411144	0.000012174330549896695
1402.9869800422543	0.000015085101949807722
1406.7932388052561	0.00002086373388010543
1410.620206266642	0.000015862222426221706
1414.4680518920293	0.00001162267926702043
1418.3369470011437	0.00001802460064936895
1422.2270647932482	9.615424460207578e-6
1426.1385803729884	0.000010496531103854068
1430.0716707766653	0.000015122018339752685
1434.0265149989461	0.000012066208910255227
1438.0032940200201	0.000010335046681575477
1442.002190833202	0.000012768459782819264
1446.0233904730053	0.000010722095794335473
1450.0670800436799	0.000010086509064421989
1454.1334487482336	0.000011924668797291815
1458.2226879179425	6.470962944149505e-6
1462.3349910423594	0.000010248367289023008
1466.4705537998325	0.000010554322216194123
1470.6295740885455	0.000013932799447502475
1474.812252058081	0.000014756165910512209
1479.0187901415331	0.000012434133168426342
1483.2493930881633	9.16846238396829e-6
1487.504267996621	0.000010558744179434143
1491.7836243487407	8.67932158143958e-6
1496.0876740439196	9.391928870172706e-6
1500.4166314340937	0.000011044490747735836
1504.7707133593237	0.00001085334770323243
1509.1501391840025	5.358667749533197e-6
1513.555130833694	9.782121196622029e-6
1517.9859128326223	5.800318831461482e-6
1522.4427123418202	0.000010199091775575653
1526.9257591979513	9.081452844839077e-6
1531.435285952819	7.013726190052694e-6
1535.9715279135808	5.6262124417116866e-6
1540.5347231836752	7.3076894295809325e-6
1545.1251127044854	0.00001223483013745863
1549.7429402977452	8.595251529186498e-6
1554.3884527087105	6.472753739217296e-6
1559.0618996501087	0.000012428703485056758
1563.7635338468826	4.870791144639952e-6
1568.4936110817503	0.000010584819392533973
1573.2523902415865	0.000010173003829549998
1578.0401333646598	6.741160177625716e-6
1582.8571056887283	9.066181519301608e-6
1587.7035757000235	9.253807547793258e-6
1592.5798151831327	8.381293810089119e-6
1597.4860992718063	0.000013101473086862825
1602.4227065007065	0.00001103968133975286
1607.389918858118	0.000010810510502778925
1612.388021839643	9.533287084195763e-6
1617.417304502899	0.000012746402717311867
1622.4780595232469	4.074719072377775e-6
1627.570583250565	4.59692000731593e-6
1632.6951757670981	9.540268365526572e-6
1637.852140946401	9.483734174864367e-6
1643.041786513406	7.049219675536733e-6
1648.2644241056298	7.570884918095544e-6
1653.5203693355595	8.726551641302649e-6
1658.8099418542286	0.000010058083717012778
1664.133465416021	5.333857188816182e-6
1669.4912679447277	7.223508873721585e-6
1674.8836816008807	6.944809683773201e-6
1680.3110428503985	9.591671187081374e-6
1685.7736925345685	5.244787644187454e-6
1691.2719759414015	5.765962669102009e-6
1696.8062428783833	8.922052074922249e-6
1702.3768477466654	4.361766514193732e-6
1707.9841496167146	3.6413462112250272e-6
1713.628512305469	9.808911272557452e-6
1719.310304455024	4.770924533659127e-6
1725.0298996128927	6.905136615387164e-6
1730.7876763138715	4.722029188997112e-6
1736.5840181635506	8.553770385333337e-6
1742.41931392351	2.24813061322493e-6
1748.2939575982361	0.00001266760409635026
1754.2083485238068	8.086936759355012e-6
1760.162891458376	7.789636583765969e-6
1766.157996674516	4.355508735898184e-6
1772.1940800534458	9.505325579084456e-6
1778.2715631812023	8.089314178505447e-6
1784.390873446796	6.287551514105871e-6
1790.5524441424006	1.8500275018595858e-6
1796.7567145656258	7.163559530454222e-6
1803.004130123922	9.692739695310593e-6
1809.2951424411735	6.007711817801464e-6
1815.6302094665289	2.300171445313026e-6
1822.0097955855274	0.00001007105311146006
1828.4343717335732	3.300373919046251e-6
1834.9044155118254	8.537765097571537e-6
1841.4204113055473	8.344508387381211e-6
1847.9828504049985	9.023349775816314e-6
1854.5922311289087	2.4461219254590105e-6
1861.2490589506222	9.927459359460045e-6
1867.9538466269582	5.127371878188569e-6
1874.7071143298774	5.988398697809316e-6
1881.5093897810027	7.465477210644167e-6
1888.3612083890928	6.013336587784579e-6
1895.2631133905163	9.478044944444264e-7
1902.2156559928305	2.102126927638892e-6
1909.2193955215246	5.1740244089160115e-6
1916.2748995700163	4.2540268623270094e-6
1923.3827441529927	5.601869816018734e-6
1930.5435138631692	2.53195003097062e-6
1937.7578020315684	4.581498615152668e-6
1945.026210891403	1.4200065834302222e-6
1952.3493517456645	8.150856046995614e-6
1959.7278451385066	6.7233013396617025e-6
1967.1623210305363	6.7584960561362095e-6
1974.6534189781028	3.996307896159124e-6
1982.2017883167055	4.637247002392542e-6
1989.8080883486211	4.4991120375925675e-6
1997.4729885348652	5.2634550229413435e-6